% Motor constants
Lm = 0.1486;

Rs = 0.6837;
Lls = 0.004152;
Ls = Lls+Lm;

Rr = 0.451;
Llr = 0.004152;
Lr = Llr+Lm;